0~1~20~30~1,600;2,200;3,100;4,300;5,100~-1
1~2~30~30~1,100;2,500;3,100;4,300;5,100~-1
2~1~20~0~1,1000;2,200;3,100;4,300;5,50~-1
3~2~30~0~1,1000;2,1000;3,100;4,300;5,100~-1
4~1~20~0~1,1000;2,400;3,100;4,300;5,50~-1
5~3~0~0~~-1
6~1~30~0~1,25;2,10;3,10;4,5;5,50~-1
7~2~30~0~1,10;2,25;3,10;4,5;5,50~-1
8~2~30~0~1,10;2,25;3,50;4,5;5,10~-1
9~1~30~0~1,25;2,10;3,50;4,5;5,10~-1
10~1~30~0~1,25;2,50;3,15;4,5;5,15~-1
11~1~30~0~1,50;2,25;3,15;4,5;5,15~2
12~1~30~0~1,25;2,15;3,15;4,50;5,50~1
13~1~30~0~1,25;2,50;3,15;4,5;5,15~0
14~0~0~0~~-1
15~0~0~0~~-1
16~1~0~0~1,25;2,50;3,15;4,5;5,15~0
17~2~100~100~1,10;2,25;3,50;4,50;5,10~-1
18~1~30~0~1,100;2,5;3,40;4,40;5,1000~-1
19~1~100~100~1,50;2,30;3,5;4,5;5,20~-1
20~3~0~0~~-1
21~1~30~30~1,100;2,500;3,100;4,300;5,100~-1
22~1~100~100~1,10;2,25;3,50;4,50;5,10~-1